162 runnu 15555555.

190. 191, 194, 196. 198. (uno). 205. regnare 574, (676).

206. 208. 209, 211, 219, 235. 238. relaxare *495

239. 242 251, 258. 260. 263. 264, 15115555166.

270. 271, 286, 295, 296, 300, 302 relinquere 106.

306. 310. 312. 314, 315. 316, 321, remedium 96. 250. 294, 423. 582. 657. ,

322, 326. 330. 332. 333, 336. 338. remotus 366.

340. 348. 351. *352 (359). 362, 366. renovare 560.

370, 375. 375, 381, 384. 388. 391, reperire 168. (662).

393. 398. 403. 406, 408. 409, 413. repetere 185.

414. 415. 418, 420, 421. 424, 430, 155555515295.

432, 444. 447. 451, 452. 455, 463. reprendere 85. *516,

465. *467. 469, 472, 476, 477. 487. reprimere 440,

489. 493. 494. 499. 500. 1503). 505, requirere 312.

506. 507. 508, 511, 513. 514, 516, 155 45, 86. 116, 259, 283, 361, 454.

517, 518. 519. 520. 521. 522 523, 458. 570. 578, 613.

524. 526, 527, 528, 529, 531, 532, 1555115 230.

533, 534, 535. 537. 539. 540, 541, respicere 344, 580,

542, 543, 544, 545. 552. 553. 554. restituere 520.

555. 556, 557. 558. 562, 564, 565, 15115515 168, 232.

567. 568. 572. 573. 574. 588. 595, 1555 571.

601, 605, 606. 609. 612, 614. 616. 1511577.

623, 626, 628, 634. 636, 642. 648. 1111515146.

649. (663), 664, (6661671672673, 111115 380.

674. 677. 684, 692, 11555 221, 256.

quicumque 199. 376. 436, 512. 515, 1115 (689).

quilibet 17. 494. 1155115619.

quie, quae, quid 15. 26, 152. 382, 400. rivalitas 575.

480. 559, 566, rogare 122. 170, 233, 539. 579, (683).

quie, qua, quid = aliquis ete. 120. 1555610.

*525 *675 rubor 576.

quiequam, quidquem *111119433 15155 380.

quisque 556. rumor 17, 193, 217.

quisquis, quidquid 9. (132), *1711

230. 320. 344. 379, 471, 502509. saepe 60. 113. 132. 140, 165. 216.

530. 536. 538, 548. 550, 551, 581. 228. 375. 567. *592

*618 620Ι saepius 178. (665).

„quivis 96. 119. 513. 55155 423, 585. 622, 636.

quo adv. 509. 563. 551555 519, 677.

quoad *501Ι sanare 31.

quodammodo 490, (583). 5555155588. 637.

quoi = 551 *525Ι *675 sanguis 275.

quotiens 215. 319, sapere 15. 22 117. 300. 406. 427, 506.
sepiens 25, 41. 1554154150454).

rapere 88. 137. 180. *527 573, 581. 587. 589. 595. 607, 652 654. 674.

1515 (503). sapientie 139. 282. 311, 590. 627.

15155 318. 572. eet 624,

15115 569, 55115505. 616, 678. 684.

receptus 446. 55115 3, 15, 51, 329. (359). 375. 414.

recipere 51. 240. (666). 425. 482. 559.

reete 23. 98. 148. 387. 474. seribere 323.

155155 501, secretum 369.

reddere 51. 60. 172. 573. 609, 675. 5555111155 208, 597, 600. ,

redimere 19. “ eed 79. 127. 248, 311. 319. 373. 391.

redire 91, 181. 273, 459. . 398. 682.

referre 354. 642. 5551115 621.

15115515 239. ’ semel 113. 132, 183, 303. 520.

regere 187. 391, *574 semper [73]. 88. 97. 163, 247. 268,

regimen 458, 274. 276, 289. 330. 337, (359). 377,

 

