168 Α ⁴ 1116611 1611666611.

466. 470. 491. 623. 642, 593. 597. 16111616 238. 646.

626, 626. 638. 642. 667. 1611161232. 391. 664. 581.
incendium 611, 16166616 313.

16661166 282. 16666666 239. 275.

16616616 542. ipse 14. 75. 79. 285, 399. 416. 464.
16616616 111. 661. 473, 612. 646. 657. 601. 615. 618.
16611616 232. ’672 -

166611616 212. 666. 116 37.

16616616 24. 272. 488. iracundia 19. 74. 76. 95. 184. 196.
indigere 328. 247. 251. (306). 570. 580.
indignatio 346. irasci 53. 108. 113. 204. 248. 273.
indignus 233. 292. ⁴ 410. 620. (686).

16666166 ¹¹11o. iratus 13. 167. 249. 262, 273. 281.
1661116 272. 279. 304. 466. 483. 684.

inexpertus 199. 16, ea, id ⁸82. 209. 242. 286. *366
infans 109. 360. 424. 444. 622.

infelicitas 401. 116245. 261, 382. (690).

infelix 377. 401, 11661 21.

16161161 230. 473. 1161 290.

ingenuitas 107. 233. 240. 1161616 264. 303.

ingenuus 11. 99. 284, 165616 210. 296.

ingratus 126. 243, 270. 309. 618. 1666171. 267. 614. 639.
ingredi 3. 16616616 32. 163. 470. 692.
1656666166 226. ’ iudicium 174. 194. 300.

inimice 248. iusiurandum 38. 613.

1611111666 91. 127. (200). 231, 246. 249. 161616 344. 466, ’601. *511

256. 261. 275. 287. 288, 294. 316. 1616616 29. 360. “

610. 605. 668. 671. 678.

16111616 *aad 16561272. 279. 617. 646.

iniuria 156. 260. 256, 266. 277. 280, lacrima 13. 40. 114. 288. 343. (368).
285. 310. 334. 462. 592, 615. 622. 488. 659.

645. 651. 680. 1666616 12. 53. 178.’190.209.233.
1616616 46. 294. 391.

innocens 147. 253. 299. 410. 429. 166166 101, (666).

605. 671. 614. 639. 1666116303.

1666666116 602. 16661116 298.

166616 236, 237. Inte 266. 307. “

16666 235. latere 198. (200). 306. 435. 447.
1661656 264, 1666616 546. 656. (669).

inprobitas 176. 1666 293. 298. 397. 617.

16666666 *107. laxare (495).

166666 242, · 166116 422.

16111616 (241). 334. levare 539. 613. 618.

insectari 623. , levis 296.

16616166 414. 488. 542. 1611166 300.

instruere 237. 1611161202, 692.

instrumentum 353. , 161 296. 299. 304. (306). 306. 399.
integratio 37. *asa 604. 683. 692.

intellegere 406. 480, 642. libenter 385.

intemperans 89. 115616 687.

interdurn 152. 278. (392). 11561166 48. 687.

interesse 662. 11561166 460.

interimere 66. 115166 300. 301.

161616161611331. · 11666116 308.

165ἷὲ61ἔὲ51121ἒο218 229. 336. 371. 395. {icere gg}

. . . 11666 .

1611616 246. 248. 263. > lingua 100. 142. 308. 665.
1611616666 578. 116 164.

 

