INDEX VERBORUM.

666166 40. (200). 6166616161677, 376.
pecunie 62. 73. 468. 666. praestare 148,
- peior, pessimus 46, 234. 317. 368, praeterire 238, 378.

447, 467. , precari 410.

66166 363. premere 661.

per 427, 472. prex 100. 287.
pervicax (686). primum adv. 686.
percutere (102). primus 1604, (662).
perdere 3, 71, 61.166.173,182,466. prior 123. 242, 230.

460. 467. 473. 676, 612, 676. 678, prius 66661336.
perennis 481. pro 104. 118. 207. 423. 463, 486. 438.
perfacile 477, 606. 633. 624. 627, 636.
perferre 188. 190. probare 120. 680.

· perfugere 473. probus 195. 224, 460. 468. 433, 636.

periclum 76, Ι132, *nu *326 11323. prodesse 38, 130. 461, 623. 670,
*366 Ι1383. *447146214831433 proelium 638.

*626 profundus (663).

perire 66. 81, 140. 327, 346, (380). properare 32, 1461, 470.

482, 616, 644. proprius 69. 373.

pernicies 101. prospicere 465.

perpes *411. prudens 432. 667.

perpetuo *500. psallere (663).

persolvere (676), 66611666 476.

6616666221, pudere 268, 432.

pertinax 419. pudicus 36.

pervenire 426. 603, 613. pudor 463. 466. 463, 430. 434. 686,
petere 46. 308, 416, 463. 663, 681. 637.

636, pugnare 177.

placere 28. 326. 340. 361, 408. pulcher 442, ’

6166, plurimus 61. 263, 436. 628, 636. putere 80. 206. 246. 262. 330, 474.
662. (683). 601. 1166684631.

6166 udo. 28. 106, 132, 263. 464, 462.

661. 684. 636. (670), quecumque 230.

poena 38. ree. ere. 401. 454. 461. quaerere 666, 614. 418. 416, 483. erc.
462, 478, 436. 603. 632, 683. 616. 682. 626.

ponere 5. 136. 444. 614, 626. quaestus 381.

6666166 112. 231. 471. 6666161611. 67, 160. 203, 206. 203.
poscere 403. 211, 212, (213). 413. 604. 617. 618.
66666 3. 82. 113. 144. 170, 172176. 613. 622, 626, 643. 646, 647, 643.
203. 246, 246. 237. 307. 347. 362. 666. 660. 662.

370. 373, 384, 397. 433. 461. 463. quem relat. 26. 36, (102), 106, 143.
602. 604. 616. 627, 623, 663. 662. 166. 132. 222. 266, 263. 280. 322.
673. 684. 616, 620, 648. 667. 668. 323, 371. 381, 386. 333. 336. 336.
672, 401, 1426. 432, 436. 433. 464. 462.
possidere 112. 661. 473. 436433. 607. 643. 661, 673. 684.
6661 praep. 437. 606. 628. 638. 641. 660. (662), (670).
6661 c: 666166 136. 271. (1366). 6666616266. 601. 668.

666166 111. quando (663),

posterior 103. 123, 666616 (. . . . 16616) 33. 661, 678.
6111661666) *¹ 18. 1331173. Ι1231, 1347. 66661 674.

Ι1406, 1431, *616. Ι1627, 1634, *641. queri 633. 384. 646, 667, 608.

Ι*662. 6666166 163.

661666 277. 360. 476, 483. 661, 6666, 6666 2, 3, 12, 16. 31, 32.
66166166 184. 44. 46, 61. 64. 66. 68. 63. 64. 66.
661166 26. 67. 72. 76. 82, 88. 30. 97. 38. 106.
praeiudicium 134, 106, 103. 111, 112. 113. 113123.
praemium 122, 137. 138, 144, 162, 166. 168, 161.
61666666476. 674. 166, 170, 172. 173. 176, 173. 182.

Possumus Sruufl. 11

 

