1& . mmxnmoem.

(166666 60. 137. 220. ’467 *480 638. 660. 661, 662 666. 667. (619).
dormire 67. 673. (660). (663). (666). 668. (669), 874.
dubitare 623. 626. 676. (676). 677. 676. 680. 681. 082.
(166166 197, 269. 698. 663664. 686. 688. 691.

666666 879. 423. et 22. 161. 166. 266 296. 298. 397.
duleis 66. 144. 276. 440. 630. 464. 636. 671. 686. 668.

dum 164. etiem 66. 64.116.144.147.148.149.
mm& mmmfflmffim
derue (660). 266. 262. 267. 293. 301. 346. 462.
dux 136. 466..492. 662. 667. 610. (669).
666166 12. 5585616545. 607.

effugere 164. 433. 666, evitare 607.

egere 266. 407. 6, ex 160. 163. 164. 276. 493. 610.
:uuu- .6..111.;6

elabi 16. excidere 70. 629.

elidere (669). excusare 662.

eligere 86. excusatio 279.

eloquens 606. excutere 676.

emendare 160. exsilium 168. ι
emori 60. exire 232.

eripere 167. 362. 409. 466. 636. 604. exitium 266.

eruere 67. exornare 660.

eene 1. 6. 7. 6. 11. 14. 20. 21, 29, expedire 162.

113. 36. 67. 44. 46. 47. 48. 49. 60, experiri 210.

64. 69. 60. 61. 62. 68, 68. 73. 76. explicare 110.

76. (89). (64). 66. 67. 96. (102). 103, exspectare 2. 90. 639.
100. 107. 109. 115. 116. 113123. extre 204.

124. 126. 126. 132. 134. 136136. extenuare 469.

143. 146. 149. 162. 163164166. extinguere 64. 63. 268. 668.
161). 161 169. 111, 172. 115. 183. extorquere 18.

164 166 166. 167189. 193194. extremus 168.

106. 196. 196. (200). 201. 202. 203. exulare ⁸155.
mmmmmmm

mmmmmmmw.
mmumummwumummmmuu

260. 262. 254. 255. 266. 258. 269. 96. 166163,173491652654680,
mmmmmmmmwfflmwffim
289. 290. 292. 294. 296. 296. 300. 407. 414. 432. 460, 464. 477, 461.
see. 306. 311. 312. 313. 314. 316. 496. 628. 641. 643. 646. 674. 812.
1116. 811. 519. 622. 625. 327. 529, 617. 626. 640. 643. 651. 664,

ffiffissfflffiffiffifflffimmmwm.

376. 877. 361. 564. 1186382390. 395. 408, 429. 435. 449. 515. 664. ’

mmmmmfflfflmwfflu
mmmmwmfflmmmwm
461. 462. 464. 436. 462. 468. 466. fucinus 174. 262.
mmmmmmmmmmm
476 480. 482, Q ωε, 490, 492, fecundus 104.
ΒΉἋΜ66ΜΜΜ6ΜΜΜ.

mmmwmmmmffi
546. 546. 649 551 555 557 560 semu 62. 135. 266. 496. 520.

fflffifflmmmmmm
fflfflffiwwmffimmu
mmmmmmmmffl.
mmmmmmmmae
mfflfflmstffimumfflmffim

 

