INDEX vuussossuu.

conspicere (559). decimus (662).
5555155115405. decipere 333. 565.
consuescere 325. 580, ’ 65551515 226.
consuetudo 45. 201, decrescere 129,
consuetus 85. deesse 151. 229. 236. 594. *628
consumere 539. defendere 421. 555. 686.
contemnere 92. (102). 364. 424. 550. deficere 386.
555155155 183. 6515 586.
555115515 553. 6511551515 128. 132139. 140. 523.
5551153515 521. deliciae 30.
555115 107. 121, 582. 587. 655. 65115155 394. 468.
contubernium (659). delinquere 283.
5551555115 99. 240. 244. 353. 374. 65555115 276.
convenire 145. 287. demum 20.
corpus 143. 204, 481. 640. 65553515 158. 653. (660).
corrigere 391. 489. 586. (689). deponere 534.
5511615 97. 103. 6511551545.
creber 223. 6551651515 635.
5156515 27.120. 146. 261. 567. 641, 6551651155149.
51561151533. desperare 187.
51555515 129. ' deterere (468).
crimen 29. 68, 105. 133. 202. 252. deterior 103}
281. 346. 421. 429. 470. 6555 22. 121. (146). 341. (480). (632).
5115155555 254. , . (670).
5156511586. 89. 109. 114. 466. 477, dicere 58. 126. 202. (379). 505.
5156511155 682, 6155 103. 123. 137. 260.’ 382. *480
culpa 238. 303. 435. 535. 543. 608. *632
618. 656. difficilis 133. 145. 188. 203. 415. 446.
cuipare 176. 630.
. oum praep. 12. 91. 135. 145. 184. 332. 61351155 292,
346. 538. 635. (690). 613555 55. 78. 441.
555 5051111151. 20. 23. 30. 52. 71. 82. 6111355115 849.
92, 98. 115, 116. 117. 122. 124. 126. 61113515 557. 623.
mmmmmmmffimm ,
232. 233. 241. 257. 272. 273. 308. dimittere 8⁷· 138· 459.
316. 335. 361. 387. 400. 448. 461. dinoscere (661).
468. 502, 508. 523, 520, 555560, discere 130. 139. 213. 502. 633.
563. 587· 594. 606. 617. 646. 654. (11181011181113. · ¹
658. (880). (16611664. (869). 615551115131.
cunctus 126. 301. 314. . disertus ⁸684.
cupere 15. 286. 351. *351. 504. (1181151155 510.
cupiditas 154. 237. 302. 393. 508. diu 26· 125· 212· 249. 389. 572.
(676). (690). diuturnitas 422.
cure 688, ¹ dives 644.
55515615 203. 61111155 237. 456.
555156115 326. {onere 60. (213). 309. 453. 524.
5515 544.
damnare 97. 124. 142. 257. 260, 614. 655151 328.
639. 679. doctus 110. 256.
mmwwmmmdmwmm
dare 48, 55, 58, 80, 85, 71, 78, 88, 6515181. 96. 129. 143, 145. 147. 211.
122. 157. 235. 290. 295. 308. 321. 218. 268. 294. 457. 463. 495. 559.
352. 399. 409. 493. 530. 536. 592. 600.
630. (666). demere 301. 422. (661).
65 127. 163. 209. 384. 429. 557. 608. 65515511213.
des 153. dominatus 544.

ummmmmfflcmmmmm
decere 157. 608. domus 155.

 

