111sz VERBORUM.

felix 121.-146. 176. 241. 246. 313.
360. 438. 464. 477. 547.
1616166 130. 187. 324.
111111 85. ¹
16116 8. 10. 176. 188. 190. 216. 222.
246. 265, 280. 284. 370. 434. 687.
589. 606. 646. 671.
1611616 267.
6661 148. 161. 166. 179. 131. 182.
320. 597. 637. 679.
6661323.
6611 56. 79. 94. 131. (141).144,163.
160. 164. 178. 245. 277. 297. 303.
309. 350. 363. (392) (396). 445. 512.
582. 564. 615. 618. *os-2. 636.
ι 61161450,

fingo 429.
6611 43. 437. 460.
6161614.
flagitare 302.
flectere 228. 494.
6616130434.
66161 221. 488.
flumen (582).
161166 269.
1611616116 639.
formonsus 160.
161616161164.
161111 99. 109. 246. 464, 656.
Fortuna 163. 218. 295. 612.
fortuna 167. 168. 171. 173183189.
191. 192. 299. 315. 320. 352, 384.
411. 496. 550. 571. 589. 597. 641.

frangere 114. 171.189.494.
11161 172.

frenum (665).
11661 (666).
1166161 29.

frugalitas 193.

¹ frustra 170. 185. 418. 427. 1582.
’ frux 228.

fugere 47. 144. 174. 272. 382. 527.

fiilia 114.*611.

’ 16161661 177. 548.

16161 178.

¹. galea 638.

gaudere 646.
gandium 81. 268. 440.
gerere 320.

61611194. 203. 538. 681.
gradus 431.

· gratia 91. 164. 459.

gratus 44. 134. 191. 610. *658.

gravis 143. 194. 195. 196. 197. 198.

161

habere 38. 42. 121. 129. 133, 142.
159. 161, 182. 194. 197. 208. 211.
214. 228. 245. 278. 288. 298. 318.
341. 355. 381. 412. 437. 446. 456.
492. 517. 522. 559. 628. 647. (669),
1161111116 184. -

1161661111 498.

heres 221. 222. 323. 332, 626.

hpn 203. 205. 209. 211. 212. (213).
1116245.

homo 11. 54. 62, 126. 153192195.
204. 206. 210. 215. 216. 218. 220.
228. 229. 258. 386. 401. 403. 411.
585. 622. 627. 629. 682.
116661111361.

honeste 219. 224. 361. [4791 653.

- honestus 207. 217. 226.

116661 226.

11616 49609. (662).
hostis 161. 251, 621. 655.
humanitas 225.

1161611114. 255, 667. (669).

166616 252.

iacere 266.
1111289. 291. 637.
16616 31. 627.

ignis 267. 307. 389.
ignominia 94. 292.
ignominiose 442.
ignorantia (663).
ignoscere 258. 350. 535. ’592 658.
ignotus 696.
1116260. 321. 472.

, illic 659.

1161161161. 400. 644.

1166161616 420.

impedimentum 691.
imperare 41. 73. 88. 93. 339. 378, .
441. 477. 679. 649.

imperium 56. 201. 339. 599. ·
1166611616 403.

imponere (666).

1616166616 361.

improbitas 394. 485. 615.

1166161161 101. 224. 357. 387. 478.
528. 536. .
imprudens 271.

impudicus *640 ·

11661548.

111 33. 40. 47. 64. 69. (84). 86. 91.
104. 130. 136149. 161. (200). 206.
208. 211. 216. 234. 237. 242. 244.
247. 263. 254. 256. 269, 267. 268.

(200). 201. 202. 227. 439. 638. (666.) 269. 274. 276. 277. 283. 324. 369.

graviter 53. (102).199. 667. (685). 376. 417. 430. 435. 439. 459. 465.

 

