11511111 vunsouuu. , 163

412, 472. 476, 511, 558, 584, 591, 317, 321. 330. 332. 334, 346, 354.
594, 596, 602. 607. 620637. 368, 406. 415. 421. 464, 466. 473.
senecta 185. *476 483. 537. 545, 553. 560, 562.
senex 29. 35, 160, 360. 826, 584. 591, ool. 604. 614. 615, 619.
5115151554. ι 654. 672.

555551590. sulcus 638.

sententia 197, 355, sumere 5.

5551115 67, summittere 599.

- sepulcrum 155, 626. Δ55151555 339, 424. 426. 431. 548.
sequi 602, 617, . superare 151. 177, 251, 678. 681.
1511115492, 55551555 94. (639).

sero 625. superior 230. (660), (661). 681.
serpere 461, , supplex *655 682.

senescebat. 5555115515 (660). (661).

, servare 166. 408. 431, 513. 531. 677, supplicium 601,

5511115 41, (213). 219. 373, 442, 544, suspicari 16, ’

564. suspicax 679.

5511115111. 227. 490, (583), 55551515 7, 619. 680. .

servus 322. sustinere 72, 526, ,
518, 10, 44, 70, 108. *1203031145 55511466, 150, 159, 204, 914, 215,
375, 378. 469, 565. 5986561669), 267, 316. 337. 398. 455. 543, 599.
(685). 602. 603. 605, 677.

5155199, 181,

silentium (869), tacere 852, 314. 595.

simul: simulac (141), ν taciturnitas 627.

simulare 317, 388, tacitns 248, 443. 650, 680.

sine 155, 218. 2973911383. *450 15111*381, 384, 628.

454. 547. 006. 683, (690), tamen 347, 564,

5111515177. 15515 (v. quanto) 33. 561, 578, ’
5511151018. 151115 (685). -

551515 253, 305. 344. 405, 567. 583, tegere 496.

609. 617.1 151551 157, 404.

sollicitudo 34, temeritas 593.

solus 335. 408. temptare 371.

somniare 16. tempus 43. 210, 482. 506,

somnus 318, tenebrae 69.

55551515 610, - 1511515 287, 419, 544. 553, 599. (690), ’

sperare 253. 507, 151515 1468.
5555 (⁸454), 585. 613, 1511155 6,

55155 610, 155115 571,

splendere 189. 1115555155 626, .
splendor 69. timere 97, 137. 205. 322, 338. 380.
555115646, 413. 426. 507, 594. 540, 542. 552.
statuere 132. 565. 571. 589. 598. 634,

strennus 7, , 1111111151 452,

studere 671. . 1111151494, 512, 691,

5151111111 (102), 180. 278. (399), 623. 1511515 604.

5151155 41, 80, 107, 173. 406. 532, tormentum 211. 440. 443.

589. 603. 608. 311. 612, 627. totiens 215.

suadere 535. 586, 1155515473.

5511 198, 221, 301, transferre 534.

subesse 263, , transire 547.

555151515424. 1115115 7. (666).

subprimere 63, 111, 151, tibi, te 241. 427. 512. 1529.
successus 517, 530, 565. 566. 588.

succumbere 219, 462. 1511120. 189, 273.

551, 51111, 55, 55 13, 58, 64110158, 15115229, 317, 594,

166, 177, 206. 234, 260. 273. 306, 15155435.

11*

 

