61661 1666611611. 159

litigare 12, 161661, minimus 286. 322. 362. 390.
16666 223. 261. 281. 292. 306. 318. 633.

417. 426. 431. 486. 492. 692. minus, minime 35. 333. 376. 664. 688.
longinquus 302. miser 68. 161.Ι 160. 209. 211. 213.
166666 79. 438. 243. 277. 314. 315. 338. 340. 365.
loqui 127. 263. 281. 314. 664. 684. 372. 413. 420. 432. 438. 451, 464.
687. 604. 517. 618. 519, 622. 626. 646.
166616 307. 649. 666. 659. 660. 662. 664. 613.
lucrum 136. 297. 668. (659). '

ludere 30. 382. misereri 170. 329.

lumen 602. · 1616611614. 193. 244.

misericors 206. (368). 367. 476. (669).

macule 275. misericordia 77. 312. 417. 618.
61666 *323. *348 *660. · 16111616 321.

16661639. 3936661611. 309. monere 368.
magnus, maior maximus 69. 61. 261. mora 12 . 149. 311. 349. 670.
ι 326. 346. 390. 401. 498. 578. 594. morari *478 ·
624. 633. mori 23. 60. 74. 82. 166. 206. 216.
maledictum 126. 186. 223. 331. 363. 296. 313. 319. 321. 356. 386. 420.
malignus 309. , . 482637. 616.

malitia 61. 343. 363. 368. mors 30. 64. 84. 90. 106. 134. 313.ν
malivolus 186. 337. 341. 360. 364. 374. 430 433. 604. 613.
1116116479. 631.

male 67. 127. 320. 330. 332. 336. 336. 1661111116 286.

339. 366. 523. 633. muliebris 343

61611161 subet. 79. 198. 263. 663. 660, muliero. 20. 336 340. 7
696607.16611663.[143].162.*457

malus 20. 26. 47. 49. 64. 80. 1361611116613. 110. 164. 210. 212. 229.
312. 316. 317. 324. 326. 327. 328. 236. 310. 326. 360. 351. 356. 371.
346. 347. 354. 361. 362. 374. 376. 408. 487. 609. 632.

430. 461. 643. 667. 166666 321. (368).

mancipium 471. mutare 176. 334. 362. 370. 379.
manifestus 356. · mutus 169. 457. (669).

mansuescere 373.

166161600. . 66661296. 323. 370. 463. 648. 634.
metrone 93. , natura 187. 327. 328. 337. 387. 460.
maturus 396. 643. 652. =
medicina 327. 342. 463. ' naufragium 264.

medicus 89. 332. 66 127. 218. 261.

meditari 558. nec 177. 411. 433. 451. 504. 667.
1116116133. necare 109. 463. 673.

1661166 95. 385. 579. 641. 11666666 (661) 319. 390, 661.
meminisse 206444. 502. 588. necessitas 374. 399. 403. 404. 407.
memor 467. , 409. 418. 419. 426. 428. 434.
memoria 76. 366. 497. 624. . 666616· 88. 333. 386. 416. 428469. .
mendacium 130. 186. 636. , 633. 595.

mendax 247.“ 407. neglegere *468 666.

meus (670). , negotium 647.

166666 (670). 66166 36. 49. 91. 182. 191. 253. 420.
mentiri 13. 147 . 426460 663. 687.

meretrix 363. (368). Neptunus 264.

merito 637. n..eque ,neque 99.

metuere 160. 266. (359). 414. (603). nequeo 487.

596. 598. 607. 620. nequior 33.

metus 270. 318. 344. 357. 364. 631. nescire 46. 138. 348. 376. 382. 400.
660. 414. 484. 531. 605. 651. (663).
161166 136. ni *72 414. 431.
minari 310. nihil 307. 428.

 

